THERMO ALL!sdfjl
  300.000  1000.000  5000.000
H                 L-6-94H   1               G     200.0    6000.0  1000.0      1
          2.5E0          0.0E0          0.0E0          0.0E0          0.0E0    2
     2.547366E4  -4.4668285E-1          2.5E0          0.0E0          0.0E0    3
          0.0E0          0.0E0     2.547366E4  -4.4668285E-1                   4
H2                TPIS78H   2               G     200.0    6000.0  1000.0      1
   2.93286575E0  8.26608026E-4 -1.46402364E-7 1.54100414E-11  -6.888048E-16    2
  -8.13065581E2  -1.02432865E0   2.34433112E0  7.98052075E-3  -1.9478151E-5    3
  2.01572094E-8-7.37611761E-12  -9.17935173E2  6.83010238E-1                   4
O                 L-1-90O   1               G     200.0    6000.0  1000.0      1
   2.54363697E0 -2.73162486E-5  -4.1902952E-9 4.95481845E-12-4.79553694E-16    2
    2.9226012E4   4.92229457E0    3.1682671E0 -3.27931884E-3  6.64306396E-6    3
 -6.12806624E-9 2.11265971E-12   2.91222592E4   2.05193346E0                   4
O2                RUS-89O   2               G     200.0    6000.0  1000.0      1
   3.66096065E0  6.56365811E-4 -1.41149627E-7 2.05797935E-11-1.29913436E-15    2
  -1.21597718E3   3.41536279E0   3.78245636E0 -2.99673416E-3  9.84730201E-6    3
 -9.68129509E-9 3.24372837E-12  -1.06394356E3   3.65767573E0                   4
OH                IU3-03H   1O   1          G     200.0    6000.0  1000.0      1
   2.83853033E0  1.10741289E-3 -2.94000209E-7 4.20698729E-11 -2.4228989E-15    2
   3.69780808E3   5.84494652E0   3.99198424E0 -2.40106655E-3  4.61664033E-6    3
 -3.87916306E-9 1.36319502E-12   3.36889836E3 -1.03998477E-1                   4
OH*               121286H   1O   1          G     300.0    5000.0  1000.0      1
      2.88273E0   1.0139743E-3   -2.276877E-7   2.174683E-11  -5.126305E-16    2
       5.0265E4     5.595712E0     3.637266E0     1.85091E-4  -1.6761646E-6    3
    2.387202E-9  -8.431442E-13      5.00213E4    1.3588605E0                   4
H2O               L-5-89H   2O   1          G     200.0    6000.0  1000.0      1
    2.6770389E0   2.9731816E-3  -7.7376889E-7  9.4433514E-11 -4.2689991E-15    2
   -2.9885894E4      6.88255E0    4.1986352E0  -2.0364017E-3   6.5203416E-6    3
  -5.4879269E-9   1.771968E-12   -3.0293726E4  -8.4900901E-1                   4
N2                G-8-02N   2               G     200.0    6000.0  1000.0      1
   2.95257637E0   1.3969004E-3 -4.92631603E-7 7.86010195E-11-4.60755204E-15    2
  -9.23948688E2   5.87188762E0   3.53100528E0 -1.23660988E-4 -5.02999433E-7    3
  2.43530612E-9-1.40881235E-12  -1.04697628E3   2.96747038E0                   4
HO2               T-1-09H   1O   2          G     200.0    5000.0  1000.0      1
   4.17228741E0  1.88117627E-3 -3.46277286E-7 1.94657549E-11 1.76256905E-16    2
   3.10206839E1   2.95767672E0   4.30179807E0 -4.74912097E-3  2.11582905E-5    3
 -2.42763914E-8 9.29225225E-12   2.64018485E2    3.7166622E0                   4
H2O2              T-8-03H   2O   2          G     200.0    6000.0  1000.0      1
   4.57977305E0  4.05326003E-3  -1.2984473E-6   1.982114E-10-1.13968792E-14    2
  -1.80071775E4  6.64970694E-1   4.31515149E0 -8.47390622E-4  1.76404323E-5    3
 -2.26762944E-8 9.08950158E-12  -1.77067437E4   3.27373319E0                   4
CO                RUS-79O   1C   1          G     200.0    6000.0  1000.0      1
    3.0484859E0   1.3517281E-3  -4.8579405E-7  7.8853644E-11 -4.6980746E-15    2
   -1.4266117E4    6.0170977E0    3.5795335E0  -6.1035369E-4   1.0168143E-6    3
  9.0700586E-10 -9.0442449E-13   -1.4344086E4    3.5084093E0                   4
CO2               L-7-88O   2C   1          G     200.0    6000.0  1000.0      1
    4.6365111E0   2.7414569E-3  -9.9589759E-7  1.6038666E-10 -9.1619857E-15    2
   -4.9024904E4   -1.9348955E0     2.356813E0   8.9841299E-3  -7.1220632E-6    3
   2.4573008E-9 -1.4288548E-13   -4.8371971E4    9.9009035E0                   4
CH2O              T-5-11H   2O   1C   1     G     200.0    6000.0  1000.0      1
   3.16952665E0   6.1932056E-3 -2.25056366E-6  3.6597566E-10-2.20149458E-14    2
  -1.45486831E4   6.04207898E0   4.79372312E0 -9.90833322E-3   3.7321999E-5    3
 -3.79285237E-8 1.31772641E-11  -1.43791953E4  6.02798058E-1                   4
HCO               T-5-03H   1O   1C   1     G     200.0    6000.0  1000.0      1
   3.92001542E0  2.52279324E-3 -6.71004164E-7 1.05615948E-10-7.43798261E-15    2
   3.65342928E3   3.58077056E0    4.2375461E0 -3.32075257E-3  1.40030264E-5    3
 -1.34239995E-8 4.37416208E-12   3.87241185E3   3.30834869E0                   4
HO2CHO            -THERMH   2O   3C   1     G     300.0    5000.0  1378.0      1
   9.87503878E0  4.64663708E-3 -1.67230522E-6 2.68624413E-10-1.59595232E-14    2
  -3.80502496E4  -2.24939155E1   2.42464726E0   2.1970638E-2 -1.68705546E-5    3
  6.25612194E-9-9.11645843E-13  -3.54828006E4   1.75027796E1                   4
HCOH              -MAR94H   2O   1C   1     G     300.0    5000.0  1398.0      1
   9.18749272E0  1.52011152E-3 -6.27603516E-7 1.09727989E-10-6.89655128E-15    2
   7.81364593E3  -2.73434214E1  -2.82157421E0  3.57331702E-2  -3.8086158E-5    3
  1.86205951E-8-3.45957838E-12   1.12956672E4   3.48487757E1                   4
O2CHO             -THERMH   1O   3C   1     G     300.0    5000.0  1368.0      1
   7.24075139E0  4.63312951E-3 -1.63693995E-6 2.59706693E-10-1.52964699E-14    2
  -1.87027618E4  -6.49547212E0   3.96059309E0  1.06002279E-2 -5.25713351E-6    3
  1.01716726E-9-2.87487602E-14  -1.73599383E4   1.17807483E1                   4
HOCHO             L-8-88H   2O   2C   1     G     200.0    6000.0  1000.0      1
    4.6138316E0   6.4496364E-3  -2.2908251E-6  3.6716047E-10 -2.1873675E-14    2
    -4.751485E4   8.4788383E-1    3.8983616E0  -3.5587795E-3   3.5520538E-5    3
  -4.3849959E-8  1.7107769E-11   -4.6770609E4    7.3495397E0                   4
OCHO              ATCT-AH   1O   2C   1     G     200.0    6000.0  1000.0      1
   4.14394211E0  5.59738818E-3 -1.99794019E-6 3.16179193E-10-1.85614483E-14    2
  -1.72459887E4   5.07778617E0   4.68825921E0 -4.14871834E-3   2.5506601E-5    3
   -2.844739E-8 1.04422559E-11  -1.69867041E4    4.2842648E0                   4
HOCH2O            -THERMH   3O   2C   1     G     300.0    5000.0  1452.0      1
   6.39521515E0  7.43673043E-3 -2.50422354E-6 3.84879712E-10-2.21778689E-14    2
   -2.4110884E4  -6.63865583E0   4.11183145E0  7.53850697E-3   3.7733737E-6    3
 -5.38746005E-9 1.45615887E-12  -2.28023001E4   7.46807254E0                   4
CH3OH             T06-02H   4O   1C   1     G     200.0    6000.0  1000.0      1
   3.52726795E0  1.03178783E-2 -3.62892944E-6 5.77448016E-10-3.42182632E-14    2
  -2.60028834E4   5.16758693E0   5.65851051E0 -1.62983419E-2  6.91938156E-5    3
 -7.58372926E-8  2.8042755E-11  -2.56119736E4 -8.97330508E-1                   4
CH2OH             IU2-03H   3O   1C   1     G     200.0    6000.0  1000.0      1
    5.0931437E0   5.9476126E-3  -2.0649746E-6 3.23008173E-10-1.88125902E-14    2
   -4.0340964E3  -1.84691493E0   4.47834367E0  -1.3507031E-3   2.7848498E-5    3
  -3.6486906E-8  1.4790745E-11   -3.5007289E3     3.309135E0                   4
CH3O              IU1-03H   3O   1C   1     G     200.0    6000.0  1000.0      1
   4.75779238E0  7.44142474E-3 -2.69705176E-6 4.38090504E-10-2.63537098E-14    2
    3.7811194E2  -1.96680028E0   3.71180502E0 -2.80463306E-3  3.76550971E-5    3
 -4.73072089E-8  1.8658842E-11    1.2956976E3   6.57240864E0                   4
CH3O2H            A-7-05H   4O   2C   1     G     200.0    6000.0  1000.0      1
   7.76538058E0  8.61499712E-3 -2.98006935E-6 4.68638071E-10-2.75339255E-14    2
  -1.82979984E4  -1.43992663E1   2.90540897E0  1.74994735E-2   5.2824363E-6    3
 -2.52827275E-8 1.34368212E-11  -1.68894632E4   1.13741987E1                   4
CH3O2                   H   3O   2C   1     G     300.0    5000.0  1000.0      1
   4.80390863E0  9.95844638E-3 -3.85301026E-6 6.84740497E-10-4.58402955E-14    2
   -7.4713546E2     1.452814E0   3.62497097E0  3.59397933E-3  2.26538097E-5    3
 -2.95391947E-8  1.1197757E-11    7.9304041E1   9.96382194E0                   4
CH4               G-8-99H   4C   1          G     200.0    6000.0  1000.0      1
   1.65326226E0  1.00263099E-2 -3.31661238E-6 5.36483138E-10-3.14696758E-14    2
  -1.00095936E4   9.90506283E0   5.14911468E0 -1.36622009E-2  4.91453921E-5    3
 -4.84246767E-8 1.66603441E-11  -1.02465983E4  -4.63848842E0                   4
CH3               IU0702H   3C   1          G     200.0    6000.0  1000.0      1
    2.9781206E0    5.797852E-3    -1.97558E-6   3.072979E-10 -1.7917416E-14    2
    1.6509513E4    4.7224799E0    3.6571797E0   2.1265979E-3   5.4583883E-6    3
  -6.6181003E-9  2.4657074E-12    1.6422716E4    1.6735354E0                   4
CH2               IU3-03H   2C   1          G     200.0    6000.0  1000.0      1
   3.14631886E0  3.03671259E-3 -9.96474439E-7  1.5048358E-10-8.57335515E-15    2
   4.60412605E4   4.72341711E0   3.71757846E0   1.2739126E-3  2.17347251E-6    3
   -3.488585E-9 1.65208866E-12   4.58723866E4   1.75297945E0                   4
CH2(S)            IU6-03H   2C   1          G     200.0    6000.0  1000.0      1
   3.13501686E0  2.89593926E-3  -8.1666809E-7 1.13572697E-10-6.36262835E-15    2
   5.05040504E4   4.06030621E0   4.19331325E0 -2.33105184E-3  8.15676451E-6    3
 -6.62985981E-9 1.93233199E-12   5.03662246E4  -7.4673431E-1                   4
CH                IU3-03H   1C   1          G     200.0    6000.0  1000.0      1
    2.5209369E0   1.7653639E-3   -4.614766E-7  5.9289675E-11 -3.3474501E-15    2
    7.0946769E4    7.4051829E0    3.4897583E0    3.243216E-4  -1.6899751E-6    3
    3.162842E-9 -1.4061803E-12    7.0612646E4    2.0842841E0                   4
CH*               073003H   1C   1          G     300.0    5000.0  1000.0      1
     2.196223E0    2.340381E-3   -7.058201E-7   9.007582E-11   -3.85504E-15    2
    1.0419559E5     9.178373E0     3.200202E0    2.072875E-3   -5.134431E-6    3
     5.73389E-9  -1.955533E-12    1.0393714E5     3.331587E0                   4
C2H6              G-8-88H   6C   2          G     200.0    6000.0  1000.0      1
   4.04666411E0  1.53538802E-2 -5.47039485E-6 8.77826544E-10-5.23167531E-14    2
  -1.24473499E4 -9.68698313E-1   4.29142572E0 -5.50154901E-3  5.99438458E-5    3
 -7.08466469E-8 2.68685836E-11  -1.15222056E4   2.66678994E0                   4
C2H5              -THERMH   5C   2          G     300.0    5000.0  1387.0      1
    5.8878439E0  1.03076793E-2 -3.46844396E-6 5.32499257E-10-3.06512651E-14    2
   1.15065499E4  -8.49651771E0   1.32730217E0  1.76656753E-2 -6.14926558E-6    3
-3.01143466E-10 4.38617775E-13   1.34284028E4   1.71789216E1                   4
C2H4              G-1-00H   4C   2          G     200.0    6000.0  1000.0      1
   3.99182724E0  1.04833908E-2 -3.71721342E-6 5.94628366E-10-3.53630386E-14    2
   4.26865851E3 -2.69081762E-1   3.95920063E0 -7.57051373E-3  5.70989993E-5    3
 -6.91588352E-8  2.6988419E-11   5.08977598E3   4.09730213E0                   4
C2H3              ATCT-AH   3C   2          G     200.0    6000.0  1000.0      1
   4.15026763E0  7.54021341E-3 -2.62997847E-6 4.15974048E-10-2.45407509E-14    2
    3.3856638E4   1.72812235E0   3.36377642E0  2.65765722E-4  2.79620704E-5    3
 -3.72986942E-8 1.51590176E-11   3.44749589E4   7.91510092E0                   4
C2H2              G-1-91H   2C   2          G     200.0    6000.0  1000.0      1
   4.65878489E0  4.88396667E-3 -1.60828888E-6 2.46974544E-10-1.38605959E-14    2
   2.57594042E4  -3.99838194E0  8.08679682E-1  2.33615762E-2 -3.55172234E-5    3
  2.80152958E-8-8.50075165E-12   2.64289808E4   1.39396761E1                   4
C2H               T-5-10H   1C   2          G     200.0    6000.0  1000.0      1
   3.66270248E0  3.82492252E-3   -1.366325E-6  2.1345504E-10-1.23216848E-14    2
    6.7168379E4   3.92205792E0   2.89867676E0  1.32988489E-2 -2.80733327E-5    3
  2.89484755E-8-1.07502351E-11    6.7061605E4   6.18547632E0                   4
CH3CHO            L-8-88H   4O   1C   2     G     200.0    6000.0  1000.0      1
    5.4041108E0   1.1723059E-2  -4.2263137E-6  6.8372451E-10 -4.0984863E-14    2
   -2.2593122E4   -3.4807917E0    4.7294595E0  -3.1932858E-3   4.7534921E-5    3
  -5.7458611E-8  2.1931112E-11   -2.1572878E4    4.1030159E0                   4
CH2CHO            T03-10H   3O   1C   2     G     200.0    6000.0  1000.0      1
   6.53928338E0  7.80238629E-3 -2.76413612E-6 4.42098906E-10 -2.6295429E-14    2
  -1.18858659E3  -8.72091393E0     2.795026E0  1.01099472E-2  1.61750645E-5    3
 -3.10303145E-8 1.39436139E-11   1.62944975E2   1.23646657E1                   4
CH2CO                   H   2O   1C   2     G     300.0    5000.0  1000.0      1
   5.35869367E0  6.95641586E-3 -2.64802637E-6 4.65067592E-10 -3.0864182E-14    2
  -7.90294013E3  -3.98525731E0   1.81422511E0   1.9900859E-2 -2.21416008E-5    3
  1.45028521E-8-3.98877068E-12  -7.05394926E3   1.36079359E1                   4
HCCO              T-4-09H   1O   1C   2     G     200.0    6000.0  1000.0      1
   5.91479333E0   3.7140873E-3  -1.3013701E-6 2.06473345E-10-1.21476759E-14    2
   1.93596301E4  -5.50567269E0   1.87607969E0  2.21205418E-2 -3.58869325E-5    3
  3.05402541E-8-1.01281069E-11    2.0163384E4    1.3696829E1                   4
HCCOH             T12-09H   2O   1C   2     G     200.0    6000.0  1000.0      1
   6.37509678E0  5.49429011E-3 -1.88136576E-6 2.93803536E-10-1.71771901E-14    2
   8.93277676E3  -8.24498007E0   2.05541154E0  2.52003372E-2 -3.80821654E-5    3
  3.09890632E-8-9.89799902E-12   9.76872113E3   1.22271534E1                   4
C2H5O2            T10-10H   5O   2C   2     G     200.0    6000.0  1000.0      1
   8.88872432E0  1.35833179E-2 -4.91116949E-6 7.92343362E-10-4.73525704E-14    2
  -7.44107388E3  -1.90789836E1   4.50099327E0  6.87965342E-3  4.74143971E-5    3
 -6.92287127E-8 2.87395324E-11  -5.39547911E3   7.91490068E0                   4
C2H3CHO           -THERMH   4O   1C   3     G     300.0    5000.0  1393.0      1
   1.04184959E1  9.48963321E-3 -3.29310529E-6 5.16279203E-10-3.01587291E-14    2
  -1.49630281E4  -3.07235061E1  2.92355162E-1  3.54321417E-2 -2.94936324E-5    3
  1.28100124E-8-2.26144108E-12  -1.16521584E4    2.2887828E1                   4
C2H5CHO           T05-10H   6O   1C   3     G     200.0    6000.0  1000.0      1
    7.4408569E0  1.77301764E-2 -6.34081568E-6  1.02040803E-9-6.09461714E-14    2
  -2.60055814E4  -1.44195446E1   4.24529681E0  6.68296706E-3  4.93337933E-5    3
 -6.71986124E-8 2.67262347E-11  -2.41473007E4    6.9073856E0                   4
HE                G-5-97HE  1               G     200.0    6000.0  1000.0      1
          2.5E0          0.0E0          0.0E0          0.0E0          0.0E0    2
     -7.45375E2  9.28723974E-1          2.5E0          0.0E0          0.0E0    3
          0.0E0          0.0E0     -7.45375E2  9.28723974E-1                   4
NC3H7             A-5-05H   7C   3          G     200.0    6000.0  1000.0      1
   6.49636579E0  1.77337992E-2 -6.24898046E-6 9.95389495E-10 -5.9019977E-14    2
   8.85973885E3   -8.5638971E0   4.08211458E0  5.23240341E-3  5.13554466E-5    3
 -6.99343598E-8 2.81819493E-11   1.04074558E4   8.39534919E0                   4
C3H6              G-2-00H   6C   3          G     200.0    6000.0  1000.0      1
   6.03870234E0  1.62963931E-2   -5.821308E-6 9.35936829E-10-5.58603143E-14    2
  -7.41715057E2  -8.43825992E0   3.83464468E0  3.29078952E-3  5.05228001E-5    3
 -6.66251176E-8 2.63707473E-11   7.88717123E2   7.53408013E0                   4
C3H5-S            PD5-98H   5C   3          G     300.0    5000.0  1394.0      1
   8.30447254E0  1.13525433E-2 -3.85583517E-6 5.95730442E-10-3.44434061E-14    2
    2.8227349E4  -2.02359952E1  5.27650639E-1  2.95749512E-2 -2.05159708E-5    3
  7.69163477E-9-1.21882509E-12   3.09544881E4   2.15637313E1                   4
CH3CHCO           -THERMH   4O   1C   3     G     300.0    5000.0  1400.0      1
   1.00219123E1    9.569663E-3 -3.26221644E-6 5.05231706E-10-2.92593257E-14    2
  -1.42482738E4  -2.77829973E1   1.48380119E0  3.22203013E-2 -2.70250033E-5    3
  1.20499164E-8-2.18365931E-12   -1.1527654E4   1.71552068E1                   4
H2CC              L12-89H   2C   2          G     200.0    6000.0  1000.0      1
     4.278034E0   4.7562804E-3  -1.6301009E-6  2.5462806E-10 -1.4886379E-14    2
    4.8316688E4   6.4023701E-1    3.2815483E0   6.9764791E-3  -2.3855244E-6    3
  -1.2104432E-9  9.8189545E-13    4.8621794E4     5.920391E0                   4
END